.cval_KP <- list(
    list(
        matrix(
            c(
                1.52, 2.08, 2.37, 2.65, 2.82, 2.99,
                2.02, 2.66, 3.03, 3.25, 3.47, 3.62,
                3.37, 4.14, 4.50, 4.79, 5.09, 5.30
            ),
            nrow = 3, ncol = 6, byrow = TRUE
        ),
        matrix(
            c(
                1.40, 1.93, 2.25, 2.52, 2.72, 2.88,
                1.93, 2.55, 2.92, 3.15, 3.31, 3.47,
                3.27, 3.86, 4.32, 4.67, 4.84, 4.97
            ),
            nrow = 3, ncol = 6, byrow = TRUE
        ),
        matrix(
            c(
                1.28, 1.82, 2.12, 2.40, 2.56, 2.71,
                1.86, 2.41, 2.73, 3.00, 3.23, 3.38,
                3.20, 3.79, 4.18, 4.53, 4.76, 4.86
            ),
            nrow = 3, ncol = 6, byrow = TRUE
        ),
        matrix(
            c(
                1.13, 1.67, 1.97, 2.20, 2.37, 2.54,
                1.67, 2.19, 2.56, 2.85, 3.10, 3.24,
                3.06, 3.66, 4.04, 4.22, 4.43, 4.81
            ),
            nrow = 3, ncol = 6, byrow = TRUE
        ),
        matrix(
            c(
                0.74, 1.29, 1.62, 1.87, 2.08, 2.24,
                1.28, 1.89, 2.27, 2.45, 2.61, 2.75,
                2.61, 3.27, 3.61, 4.01, 4.13, 4.34
            ),
            nrow = 3, ncol = 6, byrow = TRUE
        )
    ),
    list(
        matrix(
            c(
                2.96, 3.52, 3.86, 4.11, 4.34, 4.52,
                3.55, 4.13, 4.53, 4.83, 4.99, 5.20,
                5.02, 5.59, 6.05, 6.28, 6.73, 7.10
            ),
            nrow = 3, ncol = 6, byrow = TRUE
        ),
        matrix(
            c(
                2.82, 3.36, 3.70, 3.97, 4.14, 4.33,
                3.36, 4.02, 4.37, 4.67, 4.87, 5.02,
                4.78, 5.58, 5.97, 6.16, 6.34, 6.76
            ),
            nrow = 3, ncol = 6, byrow = TRUE
        ),
        matrix(
            c(
                2.65, 3.26, 3.60, 3.83, 3.99, 4.13,
                3.16, 3.85, 4.15, 4.38, 4.57, 4.72,
                4.59, 5.21, 5.65, 5.92, 6.10, 6.59
            ),
            nrow = 3, ncol = 6, byrow = TRUE
        ),
        matrix(
            c(
                2.48, 3.09, 3.44, 3.64, 3.86, 4.03,
                3.12, 3.66, 4.06, 4.34, 4.61, 4.79,
                4.47, 5.28, 5.70, 5.93, 6.07, 6.22
            ),
            nrow = 3, ncol = 6, byrow = TRUE
        ),
        matrix(
            c(
                2.15, 2.72, 3.05, 3.31, 3.52, 3.69,
                2.79, 3.34, 3.71, 3.96, 4.13, 4.33,
                4.57, 4.80, 5.22, 5.50, 5.81, 6.00
            ),
            nrow = 3, ncol = 6, byrow = TRUE
        )
    )
)
